SYMBOL,DATE,Open,High,Low,Close,Traded Qty,Delivery Qty
SIMPLEXCON,19950517,205,205,205,205,100,0
SIMPLEXCON,19950519,210,210,210,210,100,0
SIMPLEXCON,19950523,205,210,205,210,400,0
SIMPLEXCON,19950530,212.5,212.5,212.5,212.5,100,0
SIMPLEXCON,19950601,212.5,212.5,212.5,212.5,100,0
SIMPLEXCON,19950602,213,213,213,213,100,0
SIMPLEXCON,19950605,212.5,215,212.5,215,600,0
SIMPLEXCON,19950606,214,215,214,215,300,0
SIMPLEXCON,19950607,215,215,215,215,100,0
SIMPLEXCON,19950608,215,215,215,215,800,0
SIMPLEXCON,19950609,210,215,210,210,500,0
SIMPLEXCON,19950612,210,210,210,210,200,0
SIMPLEXCON,19950613,205,205,205,205,200,0
SIMPLEXCON,19950621,210,210,210,210,300,0
SIMPLEXCON,19950622,220,220,220,220,200,0
SIMPLEXCON,19950623,220,220,220,220,100,0
SIMPLEXCON,19950626,206,210,206,210,300,0
SIMPLEXCON,19950630,195,195,195,195,100,0
SIMPLEXCON,19950714,175.5,175.5,175.5,175.5,100,0
SIMPLEXCON,19950718,177.5,177.5,177.5,177.5,100,0
SIMPLEXCON,19950719,190,195,190,192.5,2700,0
SIMPLEXCON,19950720,190,190,190,190,2000,0
SIMPLEXCON,19950728,192,192,190,190,200,0
SIMPLEXCON,19950814,180,180,180,180,100,0
SIMPLEXCON,19950818,172,172,172,172,100,0
SIMPLEXCON,19950822,173,173,172,172.5,200,0
SIMPLEXCON,19950823,172,172,172,172,200,0
SIMPLEXCON,19951030,172,172,172,172,100,0
SIMPLEXCON,19951101,157,157,157,157,100,0
SIMPLEXCON,19951103,155,159,155,159,200,0
SIMPLEXCON,19951106,160,160,160,160,100,0
SIMPLEXCON,19951107,171,171,165,165,700,0
SIMPLEXCON,19951108,171,171,171,171,500,0
SIMPLEXCON,19951109,175,175,175,175,100,0
SIMPLEXCON,19951110,170,170,160,165,400,0
SIMPLEXCON,19951113,165,169.75,162.5,162.5,400,0
SIMPLEXCON,19951114,160,163,160,160,300,0
SIMPLEXCON,19951115,160,160,158,158,300,0
SIMPLEXCON,19951116,157,157,155,155,200,0
SIMPLEXCON,19951117,155,155,155,155,100,0
SIMPLEXCON,19951120,155,155,155,155,100,0
SIMPLEXCON,19951121,153.75,153.75,150,150,200,0
SIMPLEXCON,19951122,150,154,150,154,700,0
SIMPLEXCON,19951123,153.5,153.5,153.5,153.5,100,0
SIMPLEXCON,19951124,157.75,157.75,157.75,157.75,100,0
SIMPLEXCON,19951127,170,170,170,170,100,0
SIMPLEXCON,19951130,165,165,165,165,100,0
SIMPLEXCON,19951201,165,165,164,164,200,0
SIMPLEXCON,19951205,160,160,158,158,200,0
SIMPLEXCON,19951206,158,161.75,158,159.9,200,0
SIMPLEXCON,19951207,162,162,162,162,100,0
SIMPLEXCON,19951208,162,162,162,162,100,0
SIMPLEXCON,19951211,162,162,162,162,200,0
SIMPLEXCON,19951213,160,160,160,160,100,0
SIMPLEXCON,19951214,165,165,165,165,100,0
SIMPLEXCON,19951218,170,170,158,158,400,0
SIMPLEXCON,19951219,168,168,158,158,200,0
SIMPLEXCON,19951221,163,163,163,163,100,0
SIMPLEXCON,19960101,165,165,165,165,100,0
SIMPLEXCON,19960102,163,165,163,165,300,0
SIMPLEXCON,19960103,167,170,167,170,200,0
SIMPLEXCON,19960104,170,175,170,175,200,0
SIMPLEXCON,19960105,171,171,170,170,300,0
SIMPLEXCON,19960108,170,175,170,175,700,0
SIMPLEXCON,19960109,173,174,168,173,1100,0
SIMPLEXCON,19960110,170,170,170,170,200,0
SIMPLEXCON,19960111,175,175,168,168,500,0
SIMPLEXCON,19960112,170,170,163,163,400,0
SIMPLEXCON,19960115,164.75,164.75,160,160,300,0
SIMPLEXCON,19960116,157,165,157,165,1100,0
SIMPLEXCON,19960117,165,165,165,165,1000,0
SIMPLEXCON,19960118,157.95,158,150,150,800,0
SIMPLEXCON,19960119,150,158.75,158.75,158.75,100,0
SIMPLEXCON,19960122,164.5,164.5,152.5,152.5,1200,0
SIMPLEXCON,19960123,145,155.05,145,145.5,4300,0
SIMPLEXCON,19960124,115,116.5,100,101.55,5800,0
SIMPLEXCON,19960125,99.95,100,95,96.25,1300,0
SIMPLEXCON,19960129,92.05,105,92.05,103.35,600,0
SIMPLEXCON,19960130,103.5,104,103.5,104,800,0
SIMPLEXCON,19960131,104.05,104.05,104.05,104.05,100,0
SIMPLEXCON,19960201,105,105,105,105,200,0
SIMPLEXCON,19960207,109,109,109,109,100,0
SIMPLEXCON,19960208,115,118,115,118,1300,0
SIMPLEXCON,19960209,125,125,120,120,200,0
SIMPLEXCON,19960212,120,122,120,120,1500,0
SIMPLEXCON,19960213,120,120,115,118,400,0
SIMPLEXCON,19960214,118,120,118,119.2,500,0
SIMPLEXCON,19960216,118,118,118,118,200,0
SIMPLEXCON,19960219,118,120,118,118,1400,0
SIMPLEXCON,19960220,118,120,115,119.6,2400,0
SIMPLEXCON,19960222,120,123,120,120.05,300,0
SIMPLEXCON,19960223,121.5,125,121,125,1100,0
SIMPLEXCON,19960226,125,125,120,120,700,0
SIMPLEXCON,19960227,120,123.75,120,120.5,2400,0
SIMPLEXCON,19960228,120.5,123,120.1,120.35,3600,0
SIMPLEXCON,19960229,120.35,120.5,110.05,120.25,1800,0
SIMPLEXCON,19960301,120,120,118,118,1100,0
SIMPLEXCON,19960304,115,118,115,118,2000,0
SIMPLEXCON,19960307,112,112,112,112,100,0
SIMPLEXCON,19960308,112,110.05,109,109,900,0
SIMPLEXCON,19960311,109,107,106,107,200,0
SIMPLEXCON,19960312,107,107.95,105.1,107.95,300,0
SIMPLEXCON,19960313,104,106,104,104,400,0
SIMPLEXCON,19960314,104,104.1,104,104.1,300,0
SIMPLEXCON,19960318,104,104,104,104,400,0
SIMPLEXCON,19960319,104,104,104,104,200,0
SIMPLEXCON,19960321,104,104,104,104,100,0
SIMPLEXCON,19960322,108,110,108,110,300,0
SIMPLEXCON,19960325,104,108,104,108,1000,0
SIMPLEXCON,19960326,104,104,104,104,900,0
SIMPLEXCON,19960327,104,104,104,104,300,0
SIMPLEXCON,19960328,104.5,104.5,104,104.5,400,0
SIMPLEXCON,19960329,104.5,108,103,108,600,0
SIMPLEXCON,19960402,108,110,105,110,300,0
SIMPLEXCON,19960415,106.5,106.5,106.5,106.5,100,0
SIMPLEXCON,19960416,106.5,106.5,106.5,106.5,300,0
SIMPLEXCON,19960417,105,105,105,105,100,0
SIMPLEXCON,19960418,105,105,105,105,100,0
SIMPLEXCON,19960423,110,115,110,115,400,0
SIMPLEXCON,19960426,113.9,113.9,113.9,113.9,100,0
SIMPLEXCON,19960430,105,105,105,105,100,0
SIMPLEXCON,19960502,105.1,105.1,105.1,105.1,100,0
SIMPLEXCON,19960508,105.1,100,100,100,100,0
SIMPLEXCON,19960510,96,96,96,96,100,0
SIMPLEXCON,19960514,96,96,96,96,100,0
SIMPLEXCON,19960531,90,90,90,90,100,0
SIMPLEXCON,19960603,90,99,99,99,100,0
SIMPLEXCON,19960607,100,100,100,100,100,0
SIMPLEXCON,19960610,98.05,98.05,98,98,200,0
SIMPLEXCON,19960611,104.5,104.5,104.5,104.5,100,0
SIMPLEXCON,19960613,98,98,98,98,200,0
SIMPLEXCON,19960614,104.5,104.5,104.5,104.5,100,0
SIMPLEXCON,19960617,104.75,104.9,104.75,104.9,200,0
SIMPLEXCON,19960624,99,99,99,99,200,0
SIMPLEXCON,19960625,100.05,100.05,100.05,100.05,200,0
SIMPLEXCON,19960626,100,100,100,100,200,0
SIMPLEXCON,19960627,100,100,100,100,300,0
SIMPLEXCON,19960628,105,105,105,105,100,0
SIMPLEXCON,19960701,98,98,97,98,300,0
SIMPLEXCON,19960703,97,97,97,97,100,0
SIMPLEXCON,19960704,104,104,104,104,200,0
SIMPLEXCON,19960708,100,100,100,100,100,0
SIMPLEXCON,19960710,92,92,92,92,100,0
SIMPLEXCON,19960715,90,100,90,100,200,0
SIMPLEXCON,19960716,90.05,100,90.05,100,300,0
SIMPLEXCON,19960717,95,95,95,95,200,0
SIMPLEXCON,19960718,100,100,100,100,100,0
SIMPLEXCON,19960723,103,103,103,103,100,0
SIMPLEXCON,19960726,96,96,96,96,100,0
SIMPLEXCON,19960730,90,90,90,90,100,0
SIMPLEXCON,19960805,84,84,84,84,100,0
SIMPLEXCON,19960806,83.9,85.9,83.9,85.9,400,0
SIMPLEXCON,19960807,86,86,86,86,300,0
SIMPLEXCON,19960808,94,94,94,94,200,0
SIMPLEXCON,19960809,94.1,102,94.1,99,900,0
SIMPLEXCON,19960812,99,102,99,100,1100,0
SIMPLEXCON,19960813,98,101,98,99.75,400,0
SIMPLEXCON,19960814,99.95,100,99.95,100,300,0
SIMPLEXCON,19960903,98,98,98,98,100,0
SIMPLEXCON,19960905,98.5,98.5,98.5,98.5,100,0
SIMPLEXCON,19960906,98.5,98.5,98.5,98.5,300,0
SIMPLEXCON,19960909,98.5,98.5,98.5,98.5,200,0
SIMPLEXCON,19960911,100,100,100,100,100,0
SIMPLEXCON,19960912,100,100,98.5,98.5,300,0
SIMPLEXCON,19960913,100,100,100,100,200,0
SIMPLEXCON,19960923,100,100.05,100,100,300,0
SIMPLEXCON,19960925,100,100,100,100,200,0
SIMPLEXCON,19960926,100,100,99,99.5,400,0
SIMPLEXCON,19960927,99.9,99.9,99.9,99.9,200,0
SIMPLEXCON,19960930,96.95,97,96.95,97,200,0
SIMPLEXCON,19961001,97,97,97,97,200,0
SIMPLEXCON,19961003,97,97,97,97,100,0
SIMPLEXCON,19961004,97,97,97,97,200,0
SIMPLEXCON,19961007,95,95,95,95,200,0
SIMPLEXCON,19961008,95,95,95,95,200,0
SIMPLEXCON,19961009,95,95,95,95,200,0
SIMPLEXCON,19961010,95,95,95,95,200,0
SIMPLEXCON,19961011,93,94.95,93,94.95,200,0
SIMPLEXCON,19961014,94,95.25,94,95.25,600,0
SIMPLEXCON,19961017,95,95,95,95,100,0
SIMPLEXCON,19961023,89,89,89,89,100,0
SIMPLEXCON,19961024,87,88,87,88,600,0
SIMPLEXCON,19961025,85.55,85.55,85.5,85.5,500,0
SIMPLEXCON,19961028,84.2,91.4,84.2,91.4,200,0
SIMPLEXCON,19961101,85.5,85.5,85.5,85.5,100,0
SIMPLEXCON,19961104,82,82,82,82,100,0
SIMPLEXCON,19961106,84.5,84.5,84.5,84.5,100,0
SIMPLEXCON,19961125,89.95,89.95,89.95,89.95,200,0
SIMPLEXCON,19961210,89.75,89.75,89.75,89.75,100,0
SIMPLEXCON,19970101,89.45,95.8,89.45,95.8,500,0
SIMPLEXCON,19970107,95.8,95.8,95.8,95.8,100,0
SIMPLEXCON,19970114,90,90,90,90,100,0
SIMPLEXCON,19970115,92,92,92,92,100,0
SIMPLEXCON,19970116,90.5,90.5,90,90,200,0
SIMPLEXCON,19970130,85,85,84,84,200,0
SIMPLEXCON,19970227,82,82,82,82,400,0
SIMPLEXCON,19970304,80,80,80,80,100,0
SIMPLEXCON,19970305,80,80,76,76,200,0
SIMPLEXCON,19970320,0,0,0,71.5,100,0
SIMPLEXCON,19970326,75,75,75,75,200,0
SIMPLEXCON,19970327,74,74,74,74,100,0
SIMPLEXCON,19970404,70,70,70,70,300,0
SIMPLEXCON,19970407,69,69,69,69,100,0
SIMPLEXCON,19970410,69.5,69.5,68.5,68.5,400,0
SIMPLEXCON,19970417,68,68,68,68,100,0
SIMPLEXCON,19970422,68,68,68,68,200,0
SIMPLEXCON,19970429,64,64,63.25,63.25,300,0
SIMPLEXCON,19970507,60.1,60.1,60.1,60.1,100,0
SIMPLEXCON,19970508,60.15,60.15,60.15,60.15,200,0
SIMPLEXCON,19970509,61.4,61.4,61.4,61.4,100,0
SIMPLEXCON,19970513,58,58,58,58,100,0
SIMPLEXCON,19970519,57.75,57.75,57.75,57.75,400,0
SIMPLEXCON,19970526,55,55,55,55,100,0
SIMPLEXCON,19970527,55,55,55,55,100,0
SIMPLEXCON,19970528,55,55,55,55,100,0
SIMPLEXCON,19970529,55,55,55,55,100,0
SIMPLEXCON,19970610,55.25,55.25,55.25,55.25,100,0
SIMPLEXCON,19970612,58,58,58,58,500,0
SIMPLEXCON,19970613,59.5,60,59.5,60,200,0
SIMPLEXCON,19970618,60,60,60,60,100,0
SIMPLEXCON,19970701,61,61,60,60,400,0
SIMPLEXCON,19970702,60,60,60,60,100,0
SIMPLEXCON,19970704,61,61,61,61,200,0
SIMPLEXCON,19970721,61,61,61,61,26000,0
SIMPLEXCON,19970722,61,61,60,60,200,0
SIMPLEXCON,19970723,62,62,62,62,100,0
SIMPLEXCON,19970801,63,63,63,63,200,0
SIMPLEXCON,19970804,63,65,63,65,400,0
SIMPLEXCON,19970805,65,65,61,61,500,0
SIMPLEXCON,19970819,63,63,63,63,400,0
SIMPLEXCON,19970826,63,63,63,63,100,0
SIMPLEXCON,19970827,60,62.95,60,61.45,200,0
SIMPLEXCON,19970903,64,65,64,65,200,0
SIMPLEXCON,19970909,62.4,62.5,62.4,62.5,300,0
SIMPLEXCON,19970916,61,61,61,61,200,0
SIMPLEXCON,19970930,52,52,52,52,200,0
SIMPLEXCON,19971001,51.5,51.5,51.5,51.5,100,0
SIMPLEXCON,19971016,46,46,45.75,45.75,11000,0
SIMPLEXCON,19971017,45.5,45.5,45.5,45.5,10000,0
SIMPLEXCON,19971021,47,47,47,47,200,0
SIMPLEXCON,19971022,46,46,45,45.5,5300,0
SIMPLEXCON,19971024,44.7,44.7,44.7,44.7,100,0
SIMPLEXCON,19971027,45,45,45,45,100,0
SIMPLEXCON,19971029,44,44,44,44,400,0
SIMPLEXCON,19971107,42,42,42,42,15000,0
SIMPLEXCON,19971110,42,42,42,42,100,0
SIMPLEXCON,19971124,34.3,34.3,34.3,34.3,100,0
SIMPLEXCON,19971125,33,33.15,33,33.15,18300,0
SIMPLEXCON,19971126,33,33,33,33,100,0
SIMPLEXCON,19971202,34.5,34.5,34.5,34.5,100,0
SIMPLEXCON,19971204,36.25,36.25,36.25,36.25,200,0
SIMPLEXCON,19971205,36.35,36.35,36.35,36.35,400,0
SIMPLEXCON,19971209,36.4,36.4,36.4,36.4,100,0
SIMPLEXCON,19971210,36,36,36,36,8600,0
SIMPLEXCON,19971212,37.8,37.8,36,36,10400,0
SIMPLEXCON,19971215,36,36,34.75,34.75,800,0
SIMPLEXCON,19971216,36.5,36.5,36.5,36.5,100,0
SIMPLEXCON,19971224,36,36,36,36,100,0
SIMPLEXCON,19971226,36,36,36,36,200,0
SIMPLEXCON,19971230,34.5,34.5,34.5,34.5,100,0
SIMPLEXCON,19980105,36.15,36.15,36.15,36.15,100,0
SIMPLEXCON,19980107,36.7,36.7,36.7,36.7,100,0
SIMPLEXCON,19980112,33.25,37,33.25,37,200,0
SIMPLEXCON,19980113,33.75,33.75,33.75,33.75,100,0
SIMPLEXCON,19980114,36.7,36.7,36.7,36.7,100,0
SIMPLEXCON,19980116,36.7,36.7,36.7,36.7,100,0
SIMPLEXCON,19980119,34.6,34.6,34.6,34.6,100,0
SIMPLEXCON,19980202,37,37,37,37,100,0
SIMPLEXCON,19980204,38.75,39,38.75,39,200,0
SIMPLEXCON,19980205,36.05,37,35.1,35.95,24600,0
SIMPLEXCON,19980206,38,39.45,35.4,36,89400,0
SIMPLEXCON,19980209,39,39,35.5,35.5,10100,0
SIMPLEXCON,19980210,35.15,35.15,35,35,25200,0
SIMPLEXCON,19980211,35,37,34.5,34.5,300,0
SIMPLEXCON,19980212,37,37,31.5,35,300,0
SIMPLEXCON,19980213,36.5,36.5,35,35,77000,0
SIMPLEXCON,19980217,35.25,35.25,35.25,35.25,100,0
SIMPLEXCON,19980218,36,36,36,36,100,0
SIMPLEXCON,19980219,36.25,36.25,36.25,36.25,100,0
SIMPLEXCON,19980227,37,39.85,37,39.85,4400,0
SIMPLEXCON,19980302,37.2,37.2,37.2,37.2,100,0
SIMPLEXCON,19980303,39,39.05,39,39,600,0
SIMPLEXCON,19980304,39.25,42,37.5,37.5,400,0
SIMPLEXCON,19980309,40,40,40,40,100,0
SIMPLEXCON,19980310,41,41,41,41,100,0
SIMPLEXCON,19980311,39,41.5,39,41.5,200,0
SIMPLEXCON,19980312,41.5,44.85,41.5,42,800,0
SIMPLEXCON,19980316,45,45,41.55,41.55,400,0
SIMPLEXCON,19980317,41,41.5,41,41.5,600,0
SIMPLEXCON,19980318,45.5,45.5,45.5,45.5,100,0
SIMPLEXCON,19980319,49,49,44,44,300,0
SIMPLEXCON,19980323,40,40,40,40,100,0
SIMPLEXCON,19980324,44,44,43.5,44,77000,0
SIMPLEXCON,19980325,48,48.4,47.3,48.4,4800,0
SIMPLEXCON,19980326,49,53.2,49,51,8400,0
SIMPLEXCON,19980327,50.9,51.5,50.05,51.5,300,0
SIMPLEXCON,19980330,51,51,47.1,49.15,1800,0
SIMPLEXCON,19980331,49,49,45.25,47,500,0
SIMPLEXCON,19980401,44,45,44,45,1800,0
SIMPLEXCON,19980402,46.8,46.8,45.2,46.5,800,0
SIMPLEXCON,19980406,46,46,45.55,46,600,0
SIMPLEXCON,19980407,46.1,46.1,46,46,500,0
SIMPLEXCON,19980409,48,49.95,47,48.5,2000,0
SIMPLEXCON,19980410,49.5,51.25,49.5,50.7,1600,0
SIMPLEXCON,19980413,50.75,50.75,50,50.25,1100,0
SIMPLEXCON,19980415,52.5,55.15,51,55.1,500,0
SIMPLEXCON,19980416,56,58.5,52.5,56.1,2800,0
SIMPLEXCON,19980417,54,57,54,57,300,0
SIMPLEXCON,19980420,53,53,53,53,100,0
SIMPLEXCON,19980421,53,57,53,57,2000,0
SIMPLEXCON,19980422,58,62,58,59.25,6100,0
SIMPLEXCON,19980423,56.05,56.05,56,56,500,0
SIMPLEXCON,19980424,55,55,55,55,100,0
SIMPLEXCON,19980427,55,56.5,55,56,900,0
SIMPLEXCON,19980428,55,55,53.25,53.25,1400,0
SIMPLEXCON,19980430,54,57,54,57,3400,0
SIMPLEXCON,19980504,58.5,59.5,57.55,59.5,1400,0
SIMPLEXCON,19980505,56.25,57,56.25,57,300,0
SIMPLEXCON,19980508,56,58.5,56,57.5,5100,0
SIMPLEXCON,19980511,59.95,59.95,57,57,300,0
SIMPLEXCON,19980512,53,53,53,53,100,0
SIMPLEXCON,19980513,52.55,52.55,52.55,52.55,100,0
SIMPLEXCON,19980514,54,54,52,52,1300,0
SIMPLEXCON,19980518,54.5,55,51,51,1200,0
SIMPLEXCON,19980519,52,55,52,53,2200,0
SIMPLEXCON,19980521,51,51,51,51,200,0
SIMPLEXCON,19980526,49,49,49,49,100,0
SIMPLEXCON,19980527,52.5,52.5,48.6,48.6,1900,0
SIMPLEXCON,19980528,48,50,48,50,700,0
SIMPLEXCON,19980529,54,55,47.25,47.25,800,0
SIMPLEXCON,19980601,52,52,52,52,200,0
SIMPLEXCON,19980602,50,51,50,50.5,300,0
SIMPLEXCON,19980603,54.95,55.4,54.95,55.1,300,0
SIMPLEXCON,19980605,55,55,51,51,700,0
SIMPLEXCON,19980609,47.05,47.05,47.05,47.05,100,0
SIMPLEXCON,19980610,42.5,47.5,42.5,47.5,500,0
SIMPLEXCON,19980615,42.9,42.9,42.9,42.9,100,0
SIMPLEXCON,19980616,39.2,43.5,39.2,39.2,1300,0
SIMPLEXCON,19980618,42,42,42,42,100,0
SIMPLEXCON,19980619,42,42,42,42,800,0
SIMPLEXCON,19980622,40.05,42,40,42,1300,0
SIMPLEXCON,19980623,42,45,42,43.85,2500,0
SIMPLEXCON,19980624,42,42,42,42,500,0
SIMPLEXCON,19980625,44.5,45.45,43,44.2,1500,0
SIMPLEXCON,19980630,42,42,42,42,200,0
SIMPLEXCON,19980701,44,44,44,44,500,0
SIMPLEXCON,19980702,45,45,45,45,900,0
SIMPLEXCON,19980706,41,41,41,41,100,0
SIMPLEXCON,19980707,40,40,40,40,200,0
SIMPLEXCON,19980708,38,38,38,38,100,0
SIMPLEXCON,19980709,36,36,36,36,100,0
SIMPLEXCON,19980710,38,38,38,38,300,0
SIMPLEXCON,19980713,38.4,38.4,38.3,38.3,200,0
SIMPLEXCON,19980803,36.05,36.05,36.05,36.05,200,0
SIMPLEXCON,19980812,38.9,38.9,37.6,37.6,200,0
SIMPLEXCON,19980813,38,38,36.6,36.6,200,0
SIMPLEXCON,19980818,35,35,35,35,100,0
SIMPLEXCON,19980819,37,37,37,37,100,0
SIMPLEXCON,19980825,37,37,37,37,200,0
SIMPLEXCON,19980901,40,40,40,40,1000,0
SIMPLEXCON,19980902,43,43,43,43,100,0
SIMPLEXCON,19980903,46.45,46.45,46.45,46.45,100,0
SIMPLEXCON,19980904,50.15,50.15,43,43,300,0
SIMPLEXCON,19980907,46.4,46.4,43,43,200,0
SIMPLEXCON,19980908,46.35,46.35,46.35,46.35,100,0
SIMPLEXCON,19980910,50.05,50.05,50.05,50.05,100,0
SIMPLEXCON,19980911,54.05,54.05,46.5,53.95,600,0
SIMPLEXCON,19980914,58,58,50,50,200,0
SIMPLEXCON,19980915,46,46,46,46,100,0
SIMPLEXCON,19980916,42.5,42.5,42.5,42.5,100,0
SIMPLEXCON,19980917,43.75,43.75,43.75,43.75,100,0
SIMPLEXCON,19980922,44,44,40.25,40.25,300,0
SIMPLEXCON,19980924,43.5,43.5,43.5,43.5,100,0
SIMPLEXCON,19980925,47,47,47,47,100,0
SIMPLEXCON,19980928,43.25,49.9,43.25,49.9,20000,0
SIMPLEXCON,19980930,53.9,53.9,53.9,53.9,100,0
SIMPLEXCON,19981006,50,53.9,50,53.9,400,0
SIMPLEXCON,19981007,52,52,50,50,700,0
SIMPLEXCON,19981008,46,46,46,46,700,0
SIMPLEXCON,19981009,43,43,42.5,42.65,300,0
SIMPLEXCON,19981013,39.5,39.5,39.5,39.5,200,0
SIMPLEXCON,19981014,36.5,36.5,36.5,36.5,100,0
SIMPLEXCON,19981015,34,34,34,34,100,0
SIMPLEXCON,19981016,31.5,31.5,31.5,31.5,100,0
SIMPLEXCON,19981020,30,30,30,30,100,0
SIMPLEXCON,19981026,30.55,30.55,30.55,30.55,100,0
SIMPLEXCON,19981028,33,33,33,33,100,0
SIMPLEXCON,19981031,31,31,31,31,100,0
SIMPLEXCON,19981118,31,31,31,31,100,0
SIMPLEXCON,19981120,33.5,33.5,33.5,33.5,200,0
SIMPLEXCON,19981121,31,31,31,31,100,0
SIMPLEXCON,19981123,33.5,33.5,33.5,33.5,400,0
SIMPLEXCON,19981124,35,35,35,35,300,0
SIMPLEXCON,19981126,37.5,37.8,32.5,37.8,5800,0
SIMPLEXCON,19981127,35.05,35.05,35,35,300,0
SIMPLEXCON,19981128,32.2,32.2,32.2,32.2,100,0
SIMPLEXCON,19981201,34.5,34.8,34.5,34.8,2500,0
SIMPLEXCON,19981204,32.2,32.2,32.2,32.2,200,0
SIMPLEXCON,19981207,32.5,32.5,32.5,32.5,100,0
SIMPLEXCON,19981208,32.5,32.5,32.5,32.5,300,0
SIMPLEXCON,19981215,34,34,34,34,100,0
SIMPLEXCON,19981216,34,34,34,34,100,0
SIMPLEXCON,19981222,35,35,35,35,100,0
SIMPLEXCON,19981228,34.75,34.75,34.75,34.75,100,0
SIMPLEXCON,19981229,33.2,33.2,33.2,33.2,100,0
SIMPLEXCON,19990105,35.5,35.5,35.5,35.5,3000,0
SIMPLEXCON,19990106,35,37.5,35,37,3200,0
SIMPLEXCON,19990107,36.5,37.5,36.5,37.5,15400,0
SIMPLEXCON,19990108,39.8,40,39.8,40,300,0
SIMPLEXCON,19990111,38.25,38.25,38.25,38.25,100,0
SIMPLEXCON,19990112,38,38,38,38,100,0
SIMPLEXCON,19990114,35,35,35,35,100,0
SIMPLEXCON,19990115,32.85,32.85,32.85,32.85,100,0
SIMPLEXCON,19990118,30.25,30.25,30.25,30.25,100,0
SIMPLEXCON,19990121,31,32.5,31,32.5,300,0
SIMPLEXCON,19990122,32.5,35,32.5,35,400,0
SIMPLEXCON,19990125,34.9,34.9,34.9,34.9,100,0
SIMPLEXCON,19990127,35,35,35,35,100,0
SIMPLEXCON,19990129,37.8,37.8,37,37,200,0
SIMPLEXCON,19990201,38,40,38,40,300,0
SIMPLEXCON,19990202,37,37,37,37,100,0
SIMPLEXCON,19990208,40,40,40,40,100,0
SIMPLEXCON,19990211,38.9,38.9,38.9,38.9,100,0
SIMPLEXCON,19990212,36.25,36.25,36.25,36.25,100,0
SIMPLEXCON,19990217,38,39,34.25,34.25,600,0
SIMPLEXCON,19990218,34.55,34.55,34.5,34.5,200,0
SIMPLEXCON,19990223,31.75,32.05,31.75,32,600,0
SIMPLEXCON,19990224,32,32,32,32,100,0
SIMPLEXCON,19990303,34.6,34.6,34.6,34.6,300,0
SIMPLEXCON,19990309,32.55,35.5,32.5,35.5,3300,0
SIMPLEXCON,19990310,38,38.2,38,38.2,200,0
SIMPLEXCON,19990311,38.25,38.25,38,38,300,0
SIMPLEXCON,19990315,35.05,41,35,41,300,0
SIMPLEXCON,19990323,44.25,44.25,44.25,44.25,100,0
SIMPLEXCON,19990324,41,43.25,41,43.25,300,0
SIMPLEXCON,19990325,39.8,39.8,39.8,39.8,100,0
SIMPLEXCON,19990326,36.65,36.65,36.65,36.65,100,0
SIMPLEXCON,19990330,36.65,36.65,36.6,36.65,300,0
SIMPLEXCON,19990401,36.5,36.5,36.5,36.5,400,0
SIMPLEXCON,19990405,33.6,33.6,33.6,33.6,500,0
SIMPLEXCON,19990406,36.25,36.25,36.25,36.25,200,0
SIMPLEXCON,19990407,35,35,35,35,600,0
SIMPLEXCON,19990408,33.25,33.25,33,33,500,0
SIMPLEXCON,19990409,33,33,30.5,30.5,300,0
SIMPLEXCON,19990412,32.5,32.5,32.5,32.5,100,0
SIMPLEXCON,19990413,31.05,32.5,31.05,32.5,200,0
SIMPLEXCON,19990420,32,32.5,31.75,32.5,900,0
SIMPLEXCON,19990421,35,35,35,35,100,0
SIMPLEXCON,19990422,37.8,37.8,37.8,37.8,100,0
SIMPLEXCON,19990423,37.45,40.8,35,40.8,1400,0
SIMPLEXCON,19990426,38.95,38.95,38.95,38.95,100,0
SIMPLEXCON,19990429,40.75,40.75,40.75,40.75,100,0
SIMPLEXCON,19990430,39.95,40,39.95,40,5400,0
SIMPLEXCON,19990507,38,38,38,38,200,0
SIMPLEXCON,19990519,35,35,35,35,500,0
SIMPLEXCON,19990622,27.6,30,27.6,30,1200,0
SIMPLEXCON,19990624,27.6,27.6,27.6,27.6,100,0
SIMPLEXCON,19990625,29.5,29.5,29.5,29.5,100,0
SIMPLEXCON,19990628,28.1,28.1,28.1,28.1,100,0
SIMPLEXCON,19990701,28.1,28.1,28.1,28.1,100,0
SIMPLEXCON,19990702,27.25,27.25,27.2,27.2,300,0
SIMPLEXCON,19990707,29,29,29,29,100,0
SIMPLEXCON,19990708,29.1,31,29.1,31,2500,0
SIMPLEXCON,19990709,32.35,33.2,32.35,32.95,500,0
SIMPLEXCON,19990712,34.8,35.5,34.75,35.5,1300,0
SIMPLEXCON,19990713,35,36,35,36,700,0
SIMPLEXCON,19990714,36,37.8,36,37.8,400,0
SIMPLEXCON,19990721,34.8,36,34.8,36,700,0
SIMPLEXCON,19990722,36,36,33.15,33.15,600,0
SIMPLEXCON,19990723,33.15,35,33.15,35,900,0
SIMPLEXCON,19990726,35,35,35,35,300,0
SIMPLEXCON,19990728,33.6,33.6,33.6,33.6,100,0
SIMPLEXCON,19990729,33.6,33.6,33.6,33.6,100,0
SIMPLEXCON,19990802,33.6,33.6,33.2,33.2,200,0
SIMPLEXCON,19990804,34.5,35.1,34.5,35.1,700,0
SIMPLEXCON,19990805,37.35,37.4,34.25,34.25,4500,0
SIMPLEXCON,19990806,36.95,36.95,36.95,36.95,100,0
SIMPLEXCON,19990809,37.9,39.8,37.9,39.8,700,0
SIMPLEXCON,19990810,43,43,42.5,43,2900,0
SIMPLEXCON,19990811,45,45,45,45,100,0
SIMPLEXCON,19990812,44.5,45,44.5,45,2800,0
SIMPLEXCON,19990813,44.95,44.95,41.5,41.5,700,0
SIMPLEXCON,19990816,42.9,44.45,42.15,43,1400,0
SIMPLEXCON,19990817,43,45,41,42,700,0
SIMPLEXCON,19990818,42,44.25,41,44.25,18200,0
SIMPLEXCON,19990819,44,44,42.5,43.9,4300,0
SIMPLEXCON,19990820,43,45,43,45,6300,0
SIMPLEXCON,19990823,48.2,48.5,45,48.5,7500,0
SIMPLEXCON,19990824,47,48.5,47,48.5,600,0
SIMPLEXCON,19990825,50,50,46.3,47,2700,0
SIMPLEXCON,19990826,47.5,50.8,47.5,50.8,6700,0
SIMPLEXCON,19990827,52,52,50,51,6200,0
SIMPLEXCON,19990830,50,51.9,50,50,1500,0
SIMPLEXCON,19990831,50,51,50,50.1,6000,0
SIMPLEXCON,19990901,50,50.1,50,50.1,7900,0
SIMPLEXCON,19990902,49.75,50,49.75,50,3300,0
SIMPLEXCON,19990903,47.5,50,47.5,50,3000,0
SIMPLEXCON,19990906,50.25,50.25,50.25,50.25,100,0
SIMPLEXCON,19990907,50,51,50,51,200,0
SIMPLEXCON,19990908,47.25,50,47.25,50,700,0
SIMPLEXCON,19990910,46,48.75,46,48.75,600,0
SIMPLEXCON,19990914,45,45,45,45,200,0
SIMPLEXCON,19990915,41.5,41.5,41.5,41.5,200,0
SIMPLEXCON,19990916,41,41,41,41,100,0
SIMPLEXCON,19990920,41,41,41,41,100,0
SIMPLEXCON,19990921,42,42,42,42,100,0
SIMPLEXCON,19990922,41,41,41,41,100,0
SIMPLEXCON,19990923,41.1,41.5,41.1,41.5,500,0
SIMPLEXCON,19990924,41,41,40.5,41,900,0
SIMPLEXCON,19990927,43,44.25,43,43,900,0
SIMPLEXCON,19990928,42.75,42.9,41.5,41.5,1500,0
SIMPLEXCON,19990929,41,41,41,41,100,0
SIMPLEXCON,19991004,38,38,38,38,100,0
SIMPLEXCON,19991007,39.25,39.95,39.25,39.35,3100,0
SIMPLEXCON,19991008,38,38,38,38,100,0
SIMPLEXCON,19991011,38.1,38.1,38.1,38.1,100,0
SIMPLEXCON,19991012,36.5,36.5,36,36,300,0
SIMPLEXCON,19991013,37,37,37,37,400,0
SIMPLEXCON,19991014,39.5,40,39.5,40,2100,0
SIMPLEXCON,19991015,40,40,40,40,100,0
SIMPLEXCON,19991018,40,41.6,40,40.6,4500,0
SIMPLEXCON,19991020,43.05,43.8,43.05,43.8,3900,0
SIMPLEXCON,19991021,45,47,42.1,45.1,1300,0
SIMPLEXCON,19991022,42.55,48.25,42.55,48.25,600,0
SIMPLEXCON,19991023,51,51.7,51,51.6,300,0
SIMPLEXCON,19991025,48.55,51,48.5,49.25,600,0
SIMPLEXCON,19991026,50.5,53.2,47,51.45,2200,0
SIMPLEXCON,19991027,55.1,55.6,47.6,48.7,3800,0
SIMPLEXCON,19991028,48,48,45.1,46,1100,0
SIMPLEXCON,19991029,43.5,46,43.5,45,1100,0
SIMPLEXCON,19991101,43.25,43.25,43.25,43.25,300,0
SIMPLEXCON,19991102,43.5,43.5,41.25,41.65,1300,0
SIMPLEXCON,19991103,43,44,43,44,400,0
SIMPLEXCON,19991109,43.5,43.5,40.5,40.5,200,0
SIMPLEXCON,19991130,40,40,40,40,100,0
SIMPLEXCON,19991201,40,40,40,40,100,0
SIMPLEXCON,19991202,41,41,41,41,100,0
SIMPLEXCON,19991209,41,41,41,41,100,0
SIMPLEXCON,19991213,40.1,40.1,40.1,40.1,100,0
SIMPLEXCON,19991214,39,39,39,39,200,0
SIMPLEXCON,19991216,39,39,39,39,100,0
SIMPLEXCON,20000103,39,39,39,39,100,0
SIMPLEXCON,20000104,39,39,39,39,300,0
SIMPLEXCON,20000112,36,36,36,36,100,0
SIMPLEXCON,20000113,36,36,36,36,100,0
SIMPLEXCON,20000117,35,36,35,36,700,0
SIMPLEXCON,20000118,36,36,36,36,200,0
SIMPLEXCON,20000505,32,32,32,32,500,0
SIMPLEXCON,20000509,33.8,34.4,33.8,34,1400,0
SIMPLEXCON,20000510,31.5,32.65,31.3,31.3,1900,0
SIMPLEXCON,20000511,32,32,32,32,100,0
SIMPLEXCON,20000512,29.5,29.5,29.5,29.5,1300,0
SIMPLEXCON,20000515,29.5,29.5,27.15,27.15,200,0
SIMPLEXCON,20000516,25,25,25,25,100,0
SIMPLEXCON,20000517,24,24,23.1,23.7,300,0
SIMPLEXCON,20000524,23,23,23,23,100,0
SIMPLEXCON,20000525,21.2,21.2,21.2,21.2,400,0
SIMPLEXCON,20000530,19.5,19.5,19.5,19.5,400,0
SIMPLEXCON,20000531,20.5,20.5,20.5,20.5,400,0
SIMPLEXCON,20000601,21.9,21.9,21.9,21.9,400,0
SIMPLEXCON,20000606,21.9,21.9,21.9,21.9,300,0
SIMPLEXCON,20000609,21,21.5,21,21,3100,0
SIMPLEXCON,20000613,20.5,21,20.5,21,200,0
SIMPLEXCON,20000628,21.1,21.1,21.1,21.1,1000,0
SIMPLEXCON,20000629,21.1,21.1,21.1,21.1,1200,0
SIMPLEXCON,20000630,20.3,20.3,20.3,20.3,2600,0
SIMPLEXCON,20000704,21.4,21.4,21.4,21.4,10000,0
SIMPLEXCON,20000705,21.2,21.2,21,21,10000,0
SIMPLEXCON,20000711,21,21,21,21,100,0
SIMPLEXCON,20000721,21.85,21.85,21.85,21.85,100,0
SIMPLEXCON,20000726,21.4,21.4,21.4,21.4,100,0
SIMPLEXCON,20000802,21.4,21.4,21.4,21.4,100,0
SIMPLEXCON,20000807,21.5,21.5,21.5,21.5,100,0
SIMPLEXCON,20000816,21.25,21.25,21.25,21.25,18500,0
SIMPLEXCON,20000822,21.25,21.25,21.25,21.25,20000,0
SIMPLEXCON,20000824,21.25,21.25,21.25,21.25,12000,0
SIMPLEXCON,20000830,21.1,21.1,21.1,21.1,11000,0
SIMPLEXCON,20000913,22.8,22.8,22.8,22.8,1100,0
SIMPLEXCON,20000914,24.6,24.65,24.6,24.65,200,0
SIMPLEXCON,20000915,26.4,26.65,26.4,26.65,1200,0
SIMPLEXCON,20000919,28.5,28.75,28.5,28.65,300,0
SIMPLEXCON,20000920,30.8,30.8,30.8,30.8,3900,0
SIMPLEXCON,20000921,33.25,33.25,31,33.25,600,0
SIMPLEXCON,20000922,33,35.9,32,35,2300,0
SIMPLEXCON,20010530,21.4,21.4,21.4,21.4,3600,0
SIMPLEXCON,20040309,85.8,85.8,85.8,85.8,150,0
SIMPLEXCON,20040310,84.65,94.15,80,86.45,3423,0
SIMPLEXCON,20040311,84.05,94.6,84.05,87.05,7141,0
SIMPLEXCON,20040312,88,90.8,85.3,85.35,426,0
SIMPLEXCON,20040315,81.1,81.1,81.1,81.1,50,0
SIMPLEXCON,20040316,77,77.25,77,77.25,350,0
SIMPLEXCON,20040318,82,82,82,82,100,0
SIMPLEXCON,20040319,82,82,79,79,200,0
SIMPLEXCON,20040322,78,78,77.5,77.5,1000,0
SIMPLEXCON,20040323,80.95,80.95,80.95,80.95,10,0
SIMPLEXCON,20040325,77.05,82.75,77.05,82.75,161,0
SIMPLEXCON,20040326,82,82,81.5,81.5,1100,0
SIMPLEXCON,20040329,84,84,82.15,82.15,1300,0
SIMPLEXCON,20040330,82.05,82.05,79,79,250,0
SIMPLEXCON,20040331,78.05,81,78,79.4,1400,0
SIMPLEXCON,20040401,83.8,87.35,83.8,87.35,1401,0
SIMPLEXCON,20040402,91,91,87,87.65,828,0
SIMPLEXCON,20040405,87.15,90,87.1,89.4,1003,0
SIMPLEXCON,20040406,86.05,90,86,86.35,405,0
SIMPLEXCON,20040407,81,87,81,87,200,0
SIMPLEXCON,20040408,85,85,85,85,200,0
SIMPLEXCON,20040412,84.05,89.5,84.05,88.85,890,0
SIMPLEXCON,20040413,90,94.95,90,94,1600,0
SIMPLEXCON,20040415,93.5,103.4,92,103.4,32044,0
SIMPLEXCON,20040416,107,112.5,98.1,99.8,18730,0
SIMPLEXCON,20040417,95.55,104.8,95.55,102.45,700,0
SIMPLEXCON,20040419,100.25,101,97,99.5,1193,0
SIMPLEXCON,20040420,96,101,96,101,832,0
SIMPLEXCON,20040421,100,101,99,100.85,1110,0
SIMPLEXCON,20040422,99.9,110,99.9,107.6,7104,0
SIMPLEXCON,20040423,105.5,110,105.5,108.15,1693,0
SIMPLEXCON,20040427,105.5,105.5,97.35,97.65,2630,0
SIMPLEXCON,20040428,97,97,88.25,94.75,1648,0
SIMPLEXCON,20040429,94.15,99.95,94.05,95,619,0
SIMPLEXCON,20040503,91.05,91.55,91.05,91.05,147,0
SIMPLEXCON,20040504,99.75,99.75,96,98.5,220,0
SIMPLEXCON,20040505,98.1,103,97,101.05,5843,0
SIMPLEXCON,20040506,102.5,102.5,102,102.05,140,0
SIMPLEXCON,20040507,100.7,100.7,100.7,100.7,500,0
SIMPLEXCON,20040510,99,99,94.2,94.35,410,0
SIMPLEXCON,20040511,96,100,92,92.1,4944,0
SIMPLEXCON,20040512,95,95,92.5,92.8,325,0
SIMPLEXCON,20040514,90,90,85,85,1400,0
SIMPLEXCON,20040518,82,82,80,80,50,0
SIMPLEXCON,20040519,82,82,81,81,200,0
SIMPLEXCON,20040524,85,89,85,89,1231,0
SIMPLEXCON,20040525,96,96,85.15,85.2,2302,0
SIMPLEXCON,20040527,89.8,89.8,79.2,79.6,1010,0
SIMPLEXCON,20040528,76.05,76.05,76.05,76.05,50,0
SIMPLEXCON,20040531,80.95,80.95,76,76,181,131
SIMPLEXCON,20040602,82,82,73.35,73.35,3000,0
SIMPLEXCON,20040607,73.45,73.45,73.45,73.45,550,550
SIMPLEXCON,20040608,75,75.5,73.75,73.9,354,277
SIMPLEXCON,20040609,78.2,81,78.2,81,540,0
SIMPLEXCON,20040611,76.1,78,76,78,250,200
SIMPLEXCON,20040614,75,81.75,75,79.25,200,200
SIMPLEXCON,20040615,78.35,78.35,78.35,78.35,100,100
SIMPLEXCON,20040616,75,76,72.5,75.95,1053,0
SIMPLEXCON,20040617,75,77,72.15,77,373,273
SIMPLEXCON,20040622,70.3,70.3,70.3,70.3,50,50
SIMPLEXCON,20040623,71.05,73,71,71.05,328,201
SIMPLEXCON,20040624,69.5,69.5,69.5,69.5,50,0
SIMPLEXCON,20040625,71,71,71,71,100,100
SIMPLEXCON,20040628,73.9,73.9,69.5,69.5,250,250
SIMPLEXCON,20040629,75,75,70.5,70.5,51,0
SIMPLEXCON,20040630,76.4,77.5,76.4,77.5,314,0
SIMPLEXCON,20040701,78,78,78,78,106,0
SIMPLEXCON,20040705,78,78,78,78,3,0
SIMPLEXCON,20040708,73.5,73.6,72.4,72.4,1250,0
SIMPLEXCON,20040713,65.6,67.1,65.6,66.85,400,0
SIMPLEXCON,20040714,70.1,70.1,70.1,70.1,50,0
SIMPLEXCON,20040720,70.1,70.1,70.1,70.1,20,0
SIMPLEXCON,20040721,69.1,71,69,69.6,197,0
SIMPLEXCON,20040726,70.5,70.5,70.2,70.2,251,0
SIMPLEXCON,20040728,70.3,70.3,70.2,70.25,378,0
SIMPLEXCON,20040730,70,70,70,70,50,0
SIMPLEXCON,20040802,68.4,70,68.1,68.5,252,0
SIMPLEXCON,20040803,71,71,71,71,25,0
SIMPLEXCON,20040804,72,78.1,72,75.05,1425,0
SIMPLEXCON,20040805,80,82.5,80,82.1,2750,0
SIMPLEXCON,20040806,83,85.85,76.25,77,701,0
SIMPLEXCON,20040809,75.5,76.15,75.5,76.15,150,0
SIMPLEXCON,20040810,78,81.8,78,80,1150,0
SIMPLEXCON,20040811,75,84,75,80.25,3951,0
SIMPLEXCON,20040812,80,80,77,77.35,400,0
SIMPLEXCON,20040813,82,84,77,81,1711,0
SIMPLEXCON,20040816,80.4,81,80.4,81,101,0
SIMPLEXCON,20040817,81.4,81.95,81.35,81.4,500,0
SIMPLEXCON,20040818,81,82,81,81.6,145,0
SIMPLEXCON,20040819,82,82,82,82,100,0
SIMPLEXCON,20040820,78.25,79.5,77.7,77.7,138,0
SIMPLEXCON,20040823,72,77.05,71,71.7,2400,0
SIMPLEXCON,20040824,76.5,76.5,73.05,73.75,75,0
SIMPLEXCON,20040825,75,77.55,75,76,2980,0
SIMPLEXCON,20040826,77,81,75.75,80.7,4310,0
SIMPLEXCON,20040827,80,86,80,84.35,3190,0
SIMPLEXCON,20040830,85,92.8,85,92.4,7267,0
SIMPLEXCON,20040831,96.8,97.05,94,97.05,3741,0
SIMPLEXCON,20040901,99.9,101.9,97.45,101.9,1987,0
SIMPLEXCON,20040902,107,107,105,107,3066,0
SIMPLEXCON,20040903,112.35,112.35,101.65,105.7,8158,0
SIMPLEXCON,20040906,101.9,107.75,100.05,100.35,3496,0
SIMPLEXCON,20040907,101,101,98.6,99.55,1134,0
SIMPLEXCON,20040908,99,99,94.6,96.1,3409,0
SIMPLEXCON,20040909,92.2,94.7,91.3,91.3,2135,1835
SIMPLEXCON,20040910,86.5,98,86.5,96,8355,4751
SIMPLEXCON,20040913,95.5,98,94.7,95.05,1001,901
SIMPLEXCON,20040914,97.8,104.6,96.1,104.6,7387,5752
SIMPLEXCON,20040915,106,112,105,105.4,8763,6403
SIMPLEXCON,20040916,108.5,115.95,108.5,115.95,5682,4577
SIMPLEXCON,20040917,121,121.75,121,121.75,1151,1151
SIMPLEXCON,20040920,127.85,127.85,127.85,127.85,627,0
SIMPLEXCON,20040921,134.25,134.25,134.25,134.25,1752,1752
SIMPLEXCON,20040922,141,141,136.75,138.4,46135,29344
SIMPLEXCON,20040923,137,145.35,132.25,145.35,45249,0
SIMPLEXCON,20040924,147,152.65,147,152.65,26816,0
SIMPLEXCON,20040927,157.8,160.3,156,160.3,31506,0
SIMPLEXCON,20040928,163,168,157.3,160.95,45737,0
SIMPLEXCON,20040929,163.5,164.5,152.9,152.9,22147,17725
SIMPLEXCON,20040930,152,158,145.25,146.9,15637,9677
SIMPLEXCON,20041001,149.8,154.25,149.8,154.25,5253,0
SIMPLEXCON,20041004,159,162,159,162,11532,8529
SIMPLEXCON,20041005,169.45,170.1,160.95,170.1,28062,0
SIMPLEXCON,20041006,176.5,178.6,174,175.85,32396,0
SIMPLEXCON,20041007,179.95,184.65,176.5,184.65,25184,20529
SIMPLEXCON,20041008,188.8,193.9,187,188.25,18323,0
SIMPLEXCON,20041009,193,193.5,184,185.55,7771,0
SIMPLEXCON,20041011,187,187,170,175.5,5305,4132
SIMPLEXCON,20041012,173,175,160,166,15763,0
SIMPLEXCON,20041014,166.25,176.4,164.5,170.5,5469,2674
SIMPLEXCON,20041015,172,174.9,161,162.3,8426,5894
SIMPLEXCON,20041018,171.9,171.9,154.1,155.1,10523,0
SIMPLEXCON,20041019,167.7,168.8,155,162.35,21181,0
SIMPLEXCON,20041020,164,166.85,157.8,159.9,13194,6745
SIMPLEXCON,20041021,164.9,164.9,155,156.3,6796,0
SIMPLEXCON,20041025,158.95,165,156,156.8,7865,4890
SIMPLEXCON,20041026,158.9,161.5,155,156.05,4737,0
SIMPLEXCON,20041027,159.95,159.95,154,156.35,4973,4048
SIMPLEXCON,20041028,156,172,156,172,32711,25504
SIMPLEXCON,20041029,174.5,183,171.25,172.7,30730,0
SIMPLEXCON,20041101,176.4,185,175,182.8,21745,0
SIMPLEXCON,20041102,184.9,187,175,176.4,23874,0
SIMPLEXCON,20041103,179.5,182.5,175,175.85,9675,5109
SIMPLEXCON,20041104,179.8,180.2,166.5,171.5,11700,5796
SIMPLEXCON,20041105,173,180.2,172,175.45,15255,9188
SIMPLEXCON,20041108,177,177.95,172.5,173.35,9938,5473
SIMPLEXCON,20041109,176.9,184.9,175,179.4,27145,14995
SIMPLEXCON,20041110,184.9,184.9,180.25,182.15,8785,0
SIMPLEXCON,20041111,180.2,185.9,180.2,181.95,8511,5044
SIMPLEXCON,20041112,187,193.9,185,191.5,14643,9627
SIMPLEXCON,20041116,194,194,183,185.85,5734,0
SIMPLEXCON,20041117,186,196,186,191.2,21175,0
SIMPLEXCON,20041118,194,203.9,190.25,198,21138,14718
SIMPLEXCON,20041119,202.5,206,190,192.35,13049,7073
SIMPLEXCON,20041122,195,196,193,193.65,3469,2073
SIMPLEXCON,20041123,197,199.5,190.25,190.55,3879,0
SIMPLEXCON,20041124,192,197.95,189.1,190.4,4355,0
SIMPLEXCON,20041125,192,194,190.05,191.3,6400,0
SIMPLEXCON,20041129,191.8,191.8,187.4,189.7,2657,2167
SIMPLEXCON,20041130,192,193,180.1,181.25,8295,7759
SIMPLEXCON,20041201,182.6,182.6,178,180.5,2290,2270
SIMPLEXCON,20041202,180.15,186.7,180.05,184.05,1420,0
SIMPLEXCON,20041203,181.6,188,181.5,185.05,3870,0
SIMPLEXCON,20041206,172.55,197.5,172.55,188.7,4755,0
SIMPLEXCON,20041207,191,191.85,187,188.75,5443,0
SIMPLEXCON,20041208,190,194.4,185.05,185.95,4766,0
SIMPLEXCON,20041209,189.9,190,186,186.05,2855,0
SIMPLEXCON,20041210,190.9,195,188.55,192.5,8001,0
SIMPLEXCON,20041213,187.5,211.75,187.5,211.75,24543,0
SIMPLEXCON,20041214,225,230,210,212.25,32947,20164
SIMPLEXCON,20041215,215,219,203,205.45,9385,5690
SIMPLEXCON,20041216,211.5,211.5,203.5,206.35,3965,0
SIMPLEXCON,20041217,208,209.7,201,205.65,4754,0
SIMPLEXCON,20041220,205.5,208.45,205.05,206.15,4848,0
SIMPLEXCON,20041221,207.1,210,206,206.8,5306,0
SIMPLEXCON,20041222,210.5,215,207,207,3322,0
SIMPLEXCON,20041223,204,212,204,206.6,6072,5482
SIMPLEXCON,20041224,208,224,207,213.05,16896,0
SIMPLEXCON,20041227,210,214.25,207.1,210.55,4412,0
SIMPLEXCON,20041228,215,215,210,211.5,3342,2891
SIMPLEXCON,20041229,211.8,212,209.1,211.15,3250,2575
SIMPLEXCON,20041230,212.5,217.9,211.05,215,5679,0
SIMPLEXCON,20041231,217,236.5,215,236.5,23533,16493
SIMPLEXCON,20050103,249,249,235,241.7,14807,10755
SIMPLEXCON,20050104,238,239.9,228.15,235.5,6668,0
SIMPLEXCON,20050105,236,243,218,239.05,11875,9824
SIMPLEXCON,20050106,227,244,227,241.45,4195,0
SIMPLEXCON,20050107,236.5,243.5,232,234.1,4580,0
SIMPLEXCON,20050110,246.5,246.5,226.5,233,725,0
SIMPLEXCON,20050111,238.45,247,225.1,244.4,6753,0
SIMPLEXCON,20050112,247.5,247.5,230,230.15,6014,0
SIMPLEXCON,20050113,230.3,253.2,230.25,253.2,26200,0
SIMPLEXCON,20050114,259,260,248.5,253.45,18960,0
SIMPLEXCON,20050117,247,259.9,241.1,253.3,27650,0
SIMPLEXCON,20050118,259,278.65,256,277.75,14008,0
SIMPLEXCON,20050119,298,298,270.1,275.35,23938,0
SIMPLEXCON,20050120,275,278,266.25,274.9,17056,0
SIMPLEXCON,20050124,273,274.85,262,272.15,2248,0
SIMPLEXCON,20050125,270,271.9,252.15,263.3,3019,0
SIMPLEXCON,20050127,261.05,285,260.1,279.2,5192,0
SIMPLEXCON,20050128,295,295,275,285.55,10901,0
SIMPLEXCON,20050131,294,300,286.55,291.3,11929,0
SIMPLEXCON,20050201,294.5,295,291,294.7,2560,0
SIMPLEXCON,20050202,298,329.9,298,318.9,29497,0
SIMPLEXCON,20050203,329,329,315,315.7,11149,0
SIMPLEXCON,20050204,325,337,320.9,331.55,17151,0
SIMPLEXCON,20050207,337,372.7,337,369.35,17206,0
SIMPLEXCON,20050208,380,392,365.05,383.55,26306,0
SIMPLEXCON,20050209,404.9,404.9,381,385.35,18596,0
SIMPLEXCON,20050210,390,395,366,369.15,8378,0
SIMPLEXCON,20050211,378,378,366,369.6,5676,0
SIMPLEXCON,20050214,370.1,370.1,350,359.05,5146,0
SIMPLEXCON,20050215,363.45,363.5,340.05,343.45,6736,0
SIMPLEXCON,20050216,353.5,361,341.6,355.25,31302,24689
SIMPLEXCON,20050217,360,361,346.1,350.05,14738,13648
SIMPLEXCON,20050218,355,357.9,345,352.9,4034,0
SIMPLEXCON,20050221,362,362,353.1,355.7,4337,0
SIMPLEXCON,20050222,351,354.7,342,346.4,1872,0
SIMPLEXCON,20050223,357,357,351,355.9,2272,0
SIMPLEXCON,20050224,358,382,353.5,367.75,20308,0
SIMPLEXCON,20050225,374,384.8,368,369.75,12196,5409
SIMPLEXCON,20050228,365,393,365,388.65,16496,0
SIMPLEXCON,20050301,385,390,385,387.85,5322,0
SIMPLEXCON,20050302,386,409,385,405.45,10261,7884
SIMPLEXCON,20050303,411,423,401,412.9,8036,5148
SIMPLEXCON,20050304,420,438,417.05,434.15,15071,0
SIMPLEXCON,20050307,443.05,477.6,443,477.6,14006,0
SIMPLEXCON,20050308,497,501.5,490,501.5,2837,1847
SIMPLEXCON,20050309,520,526.6,476.6,492.35,16461,0
SIMPLEXCON,20050310,485,514,483,505.4,10610,0
SIMPLEXCON,20050311,516,526.7,490,505,7439,0
SIMPLEXCON,20050314,505.5,519,479.75,480.75,3324,0
SIMPLEXCON,20050315,499,501,466.5,469.9,9673,6380
SIMPLEXCON,20050316,478.9,491,475,482.95,4313,0
SIMPLEXCON,20050317,493,493,475.1,482.75,2732,0
SIMPLEXCON,20050318,485,485,458.7,461.85,8745,0
SIMPLEXCON,20050321,470,484.95,462,480.3,5943,4780
SIMPLEXCON,20050322,490,499,466.1,472.45,6700,0
SIMPLEXCON,20050323,473.9,485,455.1,471.65,5466,0
SIMPLEXCON,20050324,470,479.95,452,460.3,5441,3454
SIMPLEXCON,20050328,469,474,447,461.95,5466,3739
SIMPLEXCON,20050329,465,465,446,449.4,5455,0
SIMPLEXCON,20050330,464.8,471.9,453,471.35,3213,2185
SIMPLEXCON,20050331,480,494.9,480,494.9,2794,0
SIMPLEXCON,20050401,499,515,492,496.55,9107,6290
SIMPLEXCON,20050404,509.9,512,495,502.35,5755,4526
SIMPLEXCON,20050405,502.1,527,502.1,520.75,9840,7423
SIMPLEXCON,20050406,520,527,510,520.15,3798,0
SIMPLEXCON,20050407,527,528.45,515.25,520.05,3013,0
SIMPLEXCON,20050408,520,522,510,510.75,2147,0
SIMPLEXCON,20050411,510,510,488.15,499.25,2463,1457
SIMPLEXCON,20050412,500,510,499.85,504.65,1243,915
SIMPLEXCON,20050413,520.95,549.8,500,506.65,1656,0
SIMPLEXCON,20050415,481,495,480.1,485.4,2887,2726
SIMPLEXCON,20050418,490,490,466,483,1947,0
SIMPLEXCON,20050419,510,510,475,481.75,1554,0
SIMPLEXCON,20050420,490,490,475,483.7,1676,0
SIMPLEXCON,20050421,496,509.95,490,500.55,5560,0
SIMPLEXCON,20050422,504.25,548.4,501,537.25,8007,0
SIMPLEXCON,20050425,551,568.5,525,532.35,3269,0
SIMPLEXCON,20050426,525.15,538,525.15,528.5,1078,0
SIMPLEXCON,20050427,526,532,523.8,526.4,2099,0
SIMPLEXCON,20050428,525,531,515,525.15,1403,0
SIMPLEXCON,20050429,516.5,527,516.25,525.1,5048,0
SIMPLEXCON,20050502,530,530,509,520.05,3687,0
SIMPLEXCON,20050503,523,525,511,521.25,2306,0
SIMPLEXCON,20050504,530,530,518,527,2155,0
SIMPLEXCON,20050505,542.9,559,529.1,539.7,2790,0
SIMPLEXCON,20050506,535,550,526.25,540.85,2562,0
SIMPLEXCON,20050509,557.8,557.8,535,541.25,5043,0
SIMPLEXCON,20050510,525.25,595.4,525.25,595.4,7879,0
SIMPLEXCON,20050511,610.5,635,581,602.5,13116,0
SIMPLEXCON,20050512,607,620,604.4,610.05,3219,0
SIMPLEXCON,20050513,612,620,607,618,5247,0
SIMPLEXCON,20050516,624,679.8,623.9,672.4,11311,0
SIMPLEXCON,20050517,697,697,652.15,659.65,6063,0
SIMPLEXCON,20050518,650,688,640.05,669.75,15411,0
SIMPLEXCON,20050519,675,691,668,675.25,9241,0
SIMPLEXCON,20050520,683.1,703.9,676,694.2,16393,0
SIMPLEXCON,20050523,720,728.95,705.5,713.45,8020,0
SIMPLEXCON,20050524,728,728,692,698.25,4250,0
SIMPLEXCON,20050525,697.1,715,690,695.4,1859,0
SIMPLEXCON,20050526,709,709,675.05,680.3,1453,0
SIMPLEXCON,20050527,707,708.9,665,670.4,1824,0
SIMPLEXCON,20050530,671,679,653.05,657.65,5553,0
SIMPLEXCON,20050531,646.05,662,646.05,655.35,2893,0
SIMPLEXCON,20050601,680,688.15,663.4,686.9,2006,0
SIMPLEXCON,20050602,690.1,700,675.1,678,748,0
SIMPLEXCON,20050603,670.15,688,670.15,675.9,1487,0
SIMPLEXCON,20050604,653,678,652,667.2,614,0
SIMPLEXCON,20050606,679.75,679.75,665,666.25,881,0
SIMPLEXCON,20050607,669,680,665,667.15,2153,0
SIMPLEXCON,20050608,680,685,662.4,666.4,1300,0
SIMPLEXCON,20050609,683.8,683.8,655.5,658.9,777,0
SIMPLEXCON,20050610,670,670,652,652.8,980,0
SIMPLEXCON,20050613,666,666,632,650,3295,0
SIMPLEXCON,20050614,663,663,642.5,650.75,1649,1504
SIMPLEXCON,20050615,658.9,659,642,642.45,1639,0
SIMPLEXCON,20050616,642.15,650,642,645.25,1621,0
SIMPLEXCON,20050617,645.25,645.25,616,620.15,2620,0
SIMPLEXCON,20050620,625,682.2,575,657.6,11864,8101
SIMPLEXCON,20050621,682,723.4,654,670.65,26801,12652
SIMPLEXCON,20050622,674.05,675.9,658,658.35,2868,1612
SIMPLEXCON,20050623,660,669,642,657.15,2198,1831
SIMPLEXCON,20050624,655.15,668.95,655,657.15,915,791
SIMPLEXCON,20050627,664.9,665,645,651,870,0
SIMPLEXCON,20050628,653.15,668,628.5,648.95,3839,0
SIMPLEXCON,20050629,656.5,656.5,641.5,649.8,731,513
SIMPLEXCON,20050630,660.85,692,660.85,680.05,8146,6196
SIMPLEXCON,20050701,689,699,661,670.6,37805,32336
SIMPLEXCON,20050704,698,698,650,662.7,7130,0
SIMPLEXCON,20050705,666,705,665,677.75,3033,0
SIMPLEXCON,20050706,735,735,680,685.25,4188,3864
SIMPLEXCON,20050707,694.5,694.5,669,671.4,1150,0
SIMPLEXCON,20050708,670,683.8,669.05,680.25,1669,0
SIMPLEXCON,20050711,680,689.9,669,670.7,1238,0
SIMPLEXCON,20050712,678,684.85,673,677.25,2120,0
SIMPLEXCON,20050713,675.25,683,675,675,3024,0
SIMPLEXCON,20050714,683,684.05,675,675.05,1641,1544
SIMPLEXCON,20050715,676,697.5,675,675.25,3667,2251
SIMPLEXCON,20050718,694.8,701,673.3,699.55,3044,0
SIMPLEXCON,20050719,702,720,694,703.95,3126,0
SIMPLEXCON,20050720,703,707,690,703.8,2141,1991
SIMPLEXCON,20050721,687.1,725,687.1,712.45,6121,5183
SIMPLEXCON,20050722,724.4,734.9,715,726.6,6271,0
SIMPLEXCON,20050725,730,798,707,735.9,16476,0
SIMPLEXCON,20050726,735,760.3,735,737.95,1629,1025
SIMPLEXCON,20050727,743.8,745,737.15,743.6,486,415
SIMPLEXCON,20050729,712,749,712,735.25,1897,0
SIMPLEXCON,20050801,740,779.85,700.05,759.15,5965,4030
SIMPLEXCON,20050802,777.1,818.5,720,793.45,31441,0
SIMPLEXCON,20050803,801,828,799,820.95,6398,3668
SIMPLEXCON,20050804,827,903.05,825,903.05,10889,6568
SIMPLEXCON,20050805,935,940,860,881.25,32483,18790
SIMPLEXCON,20050808,895,925.35,875,908.85,15571,10725
SIMPLEXCON,20050809,919,923,892,902.2,3776,2351
SIMPLEXCON,20050810,878.5,919.9,878.5,884.5,2377,1784
SIMPLEXCON,20050811,909,909,875,886,4010,2756
SIMPLEXCON,20050812,880,910.9,880,886.65,1437,0
SIMPLEXCON,20050816,889.9,924.9,889.9,914.25,5586,3987
SIMPLEXCON,20050817,922.9,960,910,960,9187,5971
SIMPLEXCON,20050818,995,1008,967,980.25,5045,3001
SIMPLEXCON,20050819,1008,1017.7,978,994.05,3025,1824
SIMPLEXCON,20050822,1010,1018,955,967.8,2412,1422
SIMPLEXCON,20050823,962,983,930,934.95,4442,3553
SIMPLEXCON,20050824,946,946,901,920.9,2428,1232
SIMPLEXCON,20050825,925,965,916.3,961.25,6100,3222
SIMPLEXCON,20050826,965,1000,964,980.05,4632,2485
SIMPLEXCON,20050829,980,1010,961,997.75,3699,2750
SIMPLEXCON,20050830,1000.05,1000.05,967.2,988.9,1846,1566
SIMPLEXCON,20050831,988,1017,977.05,997.55,2675,1964
SIMPLEXCON,20050901,1025,1025,980.3,988.85,1442,1120
SIMPLEXCON,20050902,1004.95,1038.3,991.5,1038.3,6426,5788
SIMPLEXCON,20050905,1060,1088.8,1040.1,1062.45,2550,2014
SIMPLEXCON,20050906,1084,1084,1050,1056.65,4335,4004
SIMPLEXCON,20050908,1069,1100,1055,1090,2852,2212
SIMPLEXCON,20050909,1065,1100,1065,1073.7,2683,2071
SIMPLEXCON,20050912,1065,1125,1050.1,1106.1,3704,2727
SIMPLEXCON,20050913,1100,1119,1085,1099.5,3494,2783
SIMPLEXCON,20050914,1100,1119.9,1090,1099.25,2180,1667
SIMPLEXCON,20050915,1154,1154,1100,1148.95,3159,2038
SIMPLEXCON,20050916,1155,1180,1155,1167.3,2093,1562
SIMPLEXCON,20050919,1145,1174.95,1137,1163.35,3294,2613
SIMPLEXCON,20050920,1132,1154,1132,1139.3,1252,729
SIMPLEXCON,20050921,1111,1114.55,1082.35,1091.6,3567,1976
SIMPLEXCON,20050922,1130,1140,1037.05,1037.05,4236,2326
SIMPLEXCON,20050923,1000,1040,990,1019.05,10947,9330
SIMPLEXCON,20050926,1024,1070,1022,1051.5,2481,1707
SIMPLEXCON,20050927,1013,1104.1,1013,1104.1,1377,1039
SIMPLEXCON,20050928,1119,1159.35,1105,1157.85,5515,4080
SIMPLEXCON,20050929,1186,1200,1155,1180,4353,3224
SIMPLEXCON,20050930,1200,1239,1176,1232.05,4513,4070
SIMPLEXCON,20051003,1260,1270,1243,1260.95,3599,2442
SIMPLEXCON,20051004,1265,1310,1260,1294.9,4043,3586
SIMPLEXCON,20051005,1300,1310,1260,1303,4100,2322
SIMPLEXCON,20051006,1280,1290,1262,1274.7,3333,2855
SIMPLEXCON,20051007,1297,1297,1213,1275.35,2127,1646
SIMPLEXCON,20051010,1279,1323,1261,1310.45,3038,2723
SIMPLEXCON,20051011,1354.95,1354.95,1280.15,1291,2065,1488
SIMPLEXCON,20051013,1299.45,1314.9,1290,1295,756,557
SIMPLEXCON,20051014,1304,1304,1245.05,1262.6,1790,1292
SIMPLEXCON,20051017,1212.1,1264,1136.35,1218.65,3243,2136
SIMPLEXCON,20051018,1220.1,1230,1102.3,1200.05,1214,1101
SIMPLEXCON,20051019,1140.05,1160,1090,1117.25,2401,2019
SIMPLEXCON,20051020,1090,1150,1006.3,1043.25,5336,4083
SIMPLEXCON,20051021,1100,1100,990.45,1035.95,2109,1304
SIMPLEXCON,20051024,1040.15,1099.85,1040,1070.25,643,507
SIMPLEXCON,20051025,1098.9,1118.9,1081,1099.2,807,269
SIMPLEXCON,20051026,1100,1100,1020,1025.85,1601,1274
SIMPLEXCON,20051027,1021,1049.95,1020,1036.2,618,492
SIMPLEXCON,20051028,1002.05,1035,980.15,991.3,2742,2425
SIMPLEXCON,20051031,1014.9,1040,1005,1033.75,1953,1356
SIMPLEXCON,20051101,1099,1123,1061,1105.8,1716,1072
SIMPLEXCON,20051102,1108,1160,1080,1127.7,1193,808
SIMPLEXCON,20051107,1025,1178.65,1025,1172.25,1372,0
SIMPLEXCON,20051108,1151,1190,1151,1178.4,2082,1914
SIMPLEXCON,20051109,1170,1190,1165,1175,820,0
SIMPLEXCON,20051110,1175,1200,1170,1188.7,3363,3260
SIMPLEXCON,20051111,1199.95,1294,1085.1,1223.9,8215,7081
SIMPLEXCON,20051114,1275,1275,1235,1266.9,647,0
SIMPLEXCON,20051116,1270,1300,1270,1292.55,3209,2854
SIMPLEXCON,20051117,1294,1294,1260.1,1277.05,2914,0
SIMPLEXCON,20051118,1270,1270,1246.05,1253.45,2706,2399
SIMPLEXCON,20051121,1253.45,1269,1242.45,1254.05,423,359
SIMPLEXCON,20051122,1222,1262,1222,1258.45,899,0
SIMPLEXCON,20051123,1230,1277.7,1225,1238.1,957,671
SIMPLEXCON,20051124,1259.95,1259.95,1140,1222.9,3123,1623
SIMPLEXCON,20051125,1230,1280,1190,1255.05,1376,962
SIMPLEXCON,20051126,1226,1271.5,1215,1225.35,736,0
SIMPLEXCON,20051128,1258,1260,1239.4,1250.3,1415,1343
SIMPLEXCON,20051129,1250,1250,1230,1250,337,0
SIMPLEXCON,20051130,1250,1259,1242.6,1251.3,908,891
SIMPLEXCON,20051201,1275,1275,1240,1255.25,1283,1172
SIMPLEXCON,20051202,1265,1290,1265,1272.95,3691,3286
SIMPLEXCON,20051205,1275,1290,1270,1275.15,1584,1570
SIMPLEXCON,20051206,1260,1270,1254,1260,1389,1339
SIMPLEXCON,20051207,1255,1274.85,1232,1236.35,1722,1494
SIMPLEXCON,20051208,1245,1260,1230.25,1244.95,22931,22378
SIMPLEXCON,20051209,1210.05,1290,1210.05,1271.5,1267,1000
SIMPLEXCON,20051212,1264.95,1270,1260,1267.15,684,481
SIMPLEXCON,20051213,1288,1288,1245,1260,305,173
SIMPLEXCON,20051214,1245,1267,1210,1238.3,13409,12501
SIMPLEXCON,20051215,1225.2,1273.9,1200,1216.25,3154,2441
SIMPLEXCON,20051216,1219,1230,1195,1216.75,1816,1420
SIMPLEXCON,20051219,1152,1255.7,1152,1239.85,646,406
SIMPLEXCON,20051220,1229.6,1325,1229.6,1310.2,17853,13365
